0.013 0.76
0.227 0.435
0.318 0.397
0.491 0.036
0.516 0.026
0.766 -0.505
0.904 -0.544
0.962 -0.653
1.098 -0.543
1.246 -0.467
1.386 -0.249
1.465 -0.065
1.594 0.118
1.769 0.406
1.832 0.592
1.97 0.688
2.154 0.679
2.311 0.623
2.338 0.62
2.499 0.303
2.573 0.208
2.707 -0.11
2.863 -0.277
3.029 -0.483
3.152 -0.554
3.323 -0.572
3.36 -0.501
3.516 -0.325
3.673 -0.096
3.824 0.182
3.904 0.39
4.035 0.532
4.159 0.745
4.281 0.693
4.466 0.663
4.586 0.522
4.714 0.295
4.793 0.163
4.927 -0.119
5.105 -0.394
5.145 -0.496
5.282 -0.513
5.482 -0.518
5.519 -0.576
5.789 -0.252
5.908 0.017
5.99 0.171
6.058 0.368
6.229 0.589
6.345 0.692