0.055 0.535
0.223 0.78
0.261 0.768
0.488 1.054
0.654 1.094
0.782 1.259
0.827 1.202
0.909 1.249
1.099 1.113
1.24 0.962
1.374 0.807
1.515 0.698
1.542 0.705
1.813 0.424
1.796 0.363
1.997 0.123
2.076 0.027
2.294 -0.055
2.351 -0.168
2.463 -0.122
2.592 -0.172
2.696 -0.227
2.851 -0.121
3.0 -0.053
3.149 0.016
3.35 -0.061
3.471 -0.035
3.507 -0.056
3.595 -0.053
3.72 -0.032
3.849 -0.088
3.986 -0.101
4.136 -0.177
4.297 -0.352
4.459 -0.484
4.561 -0.615
4.656 -0.589
4.749 -0.783
4.892 -0.882
5.059 -0.901
5.233 -0.932
5.269 -0.922
5.461 -0.768
5.646 -0.571
5.705 -0.544
5.847 -0.31
5.909 -0.155
6.088 0.108
6.298 0.378
6.359 0.555