1 39 18
2 40 19
3 38 19
4 40 18
5 39 17
6 40 18
7 42 16
8 42 17
9 42 18
10 41 18
11 43 19
12 46 20
13 43 17
14 43 17
15 45 18
16 44 18
17 44 19
18 46 16
19 48 17
20 46 18
21 45 17
22 47 17
23 47 17
24 48 17
25 49 17
26 50 17
27 50 18
28 52 18
29 50 18
30 51 16
31 51 18
32 52 18
33 52 16
34 52 18
35 52 16
36 54 16
37 55 16
38 56 18
39 57 17
40 57 17
41 57 18
42 59 16
43 59 16
44 59 19
45 59 17
46 61 19
47 59 17
48 60 17
49 61 18
50 63 15
51 63 18
52 63 18
53 63 18
54 63 17
55 65 19
56 67 18
57 64 18
58 67 19
59 65 19
60 68 18
61 68 17
62 69 16
63 71 18
64 69 19
65 69 19
66 73 21
67 73 18
68 73 21
69 74 19
70 73 20
71 75 19
72 74 21
73 76 21
74 74 20
75 75 20
76 77 21
77 78 20
78 77 20
79 77 22
80 79 22
81 80 21
82 79 22
83 80 24
84 80 23
85 79 24
86 79 23
87 81 25
88 83 22
89 81 25
90 83 24
91 83 26
92 82 26
93 82 27
94 81 27
95 81 26
96 84 26
97 84 27
98 82 28
99 85 28
100 84 30
101 81 30
102 84 28
103 83 30
104 83 30
105 84 30
106 84 30
107 84 33
108 83 33
109 83 32
110 84 35
111 80 35
112 82 35
113 82 36
114 80 35
115 83 37
116 81 37
117 81 37
118 78 37
119 80 38
120 80 38
121 76 39
122 79 41
123 79 38
124 76 41
125 76 41
126 75 41
127 74 42
128 72 41
129 72 41
130 72 43
131 72 42
132 72 43
133 71 44
134 69 45
135 69 44
136 68 44
137 66 44
138 67 46
139 65 46
140 64 47
141 64 45
142 64 45
143 62 46
144 60 45
145 60 45
146 60 47
147 57 48
148 57 47
149 55 47
150 57 49
151 55 48
152 55 47
153 54 47
154 53 49
155 53 48
156 53 47
157 51 47
158 51 48
159 50 49
160 50 46
161 48 49
162 50 47
163 48 46
164 47 46
165 46 47
166 46 48
167 46 46
168 46 43
169 44 45
170 43 44
171 44 45
172 44 45
173 41 45
174 41 43
175 41 44
176 41 43
177 41 43
178 38 40
179 41 44
180 39 42
181 40 39
182 39 40
183 38 42
184 38 42
185 36 40
186 38 39
187 37 39
188 37 39
189 36 38
190 36 38
191 37 40
192 36 37
193 36 36
194 36 38
195 34 36
196 35 36
197 35 38
198 35 36
199 34 35
200 35 35
201 34 36
202 33 31
203 34 33
204 32 34
205 33 34
206 33 34
207 32 32
208 34 33
209 33 32
210 32 31
211 31 31
212 32 31
213 32 30
214 32 31
215 32 30
216 33 29
217 34 31
218 34 29
219 33 27
220 33 29
221 32 28
222 36 27
223 32 27
224 33 26
225 36 26
226 35 26
227 33 25
228 33 26
229 35 26
230 33 27
231 33 25
232 33 25
233 33 24
234 34 24
235 34 24
236 35 23
237 34 23
238 35 23
239 36 24
240 35 21
241 35 25
242 36 22
243 35 23
244 36 22
245 35 21
246 36 21
247 37 23
248 37 22
249 37 21
250 39 22
251 37 21
252 39 21
253 41 21
254 37 21
255 38 21
256 40 21
257 40 19
258 39 18
259 40 19
260 40 18
261 41 20
262 38 20
263 41 20
264 41 19
265 42 17
266 41 16
267 43 20
268 43 20
269 42 16
270 42 18
271 43 19
272 45 20
273 45 18
274 46 19
275 46 18
276 46 19
277 47 19
278 47 17
279 47 17
280 47 18
281 47 18
282 50 17
283 47 18
284 50 16
285 50 17
286 50 16
287 51 17
288 51 17
289 53 18
290 53 18
291 55 17
292 54 18
293 53 17
294 55 16
295 55 17
296 55 17
297 57 17
298 58 16
299 57 17
300 59 17
301 58 16
302 57 16
303 61 17
304 62 17
305 60 15
306 63 18
307 61 17
308 62 17
309 61 16
310 65 16
311 67 17
312 65 17
313 65 18
314 67 18
315 66 20
316 66 19
317 68 18
318 68 20
319 70 19
320 70 20
321 69 17
322 72 19
323 70 19
324 72 19
325 72 21
326 73 20
327 74 20
328 74 19
329 76 20
330 76 19
331 76 21
332 76 21
333 75 21
334 77 21
335 77 21
336 80 22
337 77 23
338 79 22
339 80 21
340 79 22
341 77 24
342 80 24
343 78 25
344 80 25
345 80 26
346 82 25
347 82 26
348 82 26
349 83 28
350 84 26
351 85 27
352 84 27
353 82 27
354 83 27
355 83 28
356 84 29
357 83 29
358 82 28
359 83 30
360 84 30
361 83 30
362 84 32
363 82 31
364 83 32
365 83 32