0.012 0.596
0.018 0.632
0.059 0.966
0.071 1.015
0.071 0.963
0.08 1.033
0.105 1.012
0.108 0.961
0.089 1.028
0.098 1.004
0.122 0.908
0.13 0.911
0.149 0.728
0.138 0.834
0.175 0.568
0.174 0.577
0.189 0.422
0.203 0.246
0.217 0.131
0.225 0.072
0.21 0.191
0.217 0.113
0.233 -0.041
0.231 0.039
0.259 -0.14
0.258 -0.227
0.288 -0.319
0.314 -0.296
0.291 -0.31
0.298 -0.268
0.312 -0.303
0.36 -0.19
0.364 -0.213
0.358 -0.174
0.363 -0.192
0.361 -0.227
0.376 -0.172
0.403 -0.01
0.399 -0.023
0.428 0.085
0.429 0.098
0.459 0.092
0.429 0.08
0.477 0.065
0.451 0.06
0.482 0.106
0.464 0.107
0.505 -0.013
0.5 0.039
0.532 -0.163
0.503 0.024
0.536 -0.168
0.527 -0.12
0.539 -0.226
0.583 -0.531
0.582 -0.485
0.611 -0.656
0.607 -0.621
0.631 -0.694
0.618 -0.674
0.629 -0.657
0.618 -0.644
0.639 -0.706
0.646 -0.726
0.686 -0.503
0.657 -0.651
0.687 -0.559
0.715 -0.27
0.708 -0.415
0.695 -0.482
0.733 -0.148
0.733 -0.089
0.759 0.2
0.737 -0.113
0.762 0.241
0.754 0.13
0.782 0.473
0.78 0.45
0.794 0.59
0.833 0.889
0.839 0.956
0.837 0.909
0.872 1.058
0.871 1.001
0.848 0.955
0.88 1.008
0.897 0.961
0.911 0.947
0.915 0.912
0.938 0.738
0.944 0.649
0.941 0.669
0.967 0.509
0.954 0.612
0.947 0.605
0.961 0.543
1.014 0.064
0.984 0.301
1.028 -0.088
1.026 -0.109
1.005 0.117
1.046 -0.173
1.068 -0.235
1.042 -0.145
1.056 -0.23
1.067 -0.33
1.08 -0.265
1.112 -0.258
1.089 -0.336
1.144 -0.168
1.112 -0.252
1.158 -0.128
1.126 -0.309
1.14 -0.257
1.159 -0.169
1.2 0.056
1.211 0.079
1.176 -0.036
1.223 0.105
1.211 0.035
1.226 0.084
1.243 0.129
1.26 0.112
1.237 0.098
1.245 0.057
1.292 -0.06
1.313 -0.154
1.29 -0.03
1.332 -0.215
1.325 -0.181
1.312 -0.153
1.32 -0.147
1.357 -0.438
1.361 -0.462
1.371 -0.487
1.387 -0.643
1.377 -0.525
1.389 -0.599
1.414 -0.711
1.415 -0.71
1.441 -0.708
1.426 -0.722
1.44 -0.69
1.478 -0.5
1.469 -0.6
1.46 -0.655
1.509 -0.211
1.497 -0.346
1.512 -0.16
1.529 -0.052
1.525 -0.099
1.565 0.366
1.54 0.108
1.57 0.504
1.573 0.527
1.583 0.611
1.567 0.404
1.614 0.855
1.596 0.768
1.633 0.924
1.612 0.884
1.639 1.016
1.64 1.031
1.647 1.044
1.665 1.029
1.696 0.875
1.671 0.98
1.71 0.876
1.698 0.918
1.72 0.746
1.738 0.567
1.725 0.669
1.773 0.263
1.769 0.266
1.775 0.236
1.784 0.204
1.804 -0.006
1.824 -0.154
1.801 0.004
1.8 0.022
1.816 -0.089
1.842 -0.213
1.863 -0.313
1.863 -0.307
1.859 -0.279
1.869 -0.302
1.915 -0.265
1.894 -0.329
1.922 -0.188
1.934 -0.149
1.927 -0.171
1.944 -0.105
1.933 -0.194
1.96 -0.107
1.95 -0.064
1.978 -0.024
2.014 0.115
2.0 0.038
1.991 0.087
2.048 0.084
2.058 0.025
2.035 0.087
2.041 0.136
2.062 0.065
2.058 0.1
2.095 -0.147
2.077 -0.033
2.086 -0.105
2.106 -0.169
2.118 -0.274
2.155 -0.548
2.146 -0.478
2.151 -0.456
2.164 -0.605
2.195 -0.706
2.161 -0.542
2.212 -0.672
2.194 -0.712
2.217 -0.731
2.229 -0.63
2.219 -0.695
2.219 -0.66
2.248 -0.623
2.249 -0.617
2.265 -0.478
2.297 -0.254
2.293 -0.236
2.297 -0.24
2.338 0.214
2.324 0.054
2.351 0.419
2.333 0.193
2.374 0.656
2.353 0.413
2.363 0.548
2.385 0.784
2.391 0.848
2.402 0.891
2.417 0.919
2.449 1.05
2.443 0.99
2.429 0.987
2.448 0.969
2.461 1.002
2.493 0.893
2.487 0.912
2.48 0.873
2.517 0.642
2.535 0.501
2.548 0.341