0.065 1.624
0.135 1.844
0.243 2.059
0.347 2.272
0.482 2.367
0.514 2.429
0.64 2.445
0.757 2.438
0.818 2.401
0.936 2.317
1.033 2.211
1.2 1.869
1.269 1.806
1.382 1.489
1.47 1.38
1.528 1.246
1.706 0.838
1.725 0.84
1.899 0.462
1.973 0.333
2.108 0.203
2.174 0.169
2.265 -0.001
2.342 0.011
2.509 -0.019
2.551 -0.116
2.689 -0.107
2.816 -0.045
2.893 -0.065
3.017 0.027
3.038 0.053
3.126 0.078
3.31 0.105
3.37 0.095
3.464 0.014
3.603 -0.027
3.677 0.019
3.746 0.001
3.91 -0.193
3.992 -0.205
4.064 -0.253
4.17 -0.394
4.312 -0.524
4.362 -0.475
4.485 -0.638
4.576 -0.647
4.671 -0.682
4.79 -0.736
4.839 -0.712
4.94 -0.734
5.091 -0.656
5.18 -0.58
5.251 -0.572
5.402 -0.385
5.44 -0.312
5.546 -0.224
5.648 -0.058
5.801 0.1
5.864 0.148
5.987 0.315
6.073 0.325
6.21 0.438
6.309 0.459
6.357 0.481
6.47 0.427
6.546 0.38
6.675 0.276
6.806 0.11
6.869 -0.054
7.032 -0.301
7.06 -0.373
7.193 -0.658
7.319 -1.005
7.393 -1.098
7.471 -1.286
7.613 -1.516
7.656 -1.644
7.814 -1.837
7.861 -1.919
8.035 -1.963
8.119 -1.947
8.222 -1.817
8.301 -1.707
8.396 -1.626
8.479 -1.391
8.629 -1.073
8.737 -0.746
8.798 -0.499
8.921 -0.126
9.024 0.294
9.09 0.445
9.184 0.811
9.32 1.281
9.438 1.632
9.524 1.909
9.6 2.072
9.713 2.349
9.798 2.477
9.947 2.645
9.986 2.687
10.152 2.683
10.168 2.742
10.281 2.649
10.434 2.47
10.497 2.384
10.661 2.067
10.739 1.879
10.823 1.696
10.961 1.312
11.028 1.193
11.102 1.0
11.251 0.626
11.36 0.401
11.392 0.324
11.511 0.142
11.599 -0.036
11.735 -0.159
11.806 -0.222
11.888 -0.33
12.022 -0.408
12.137 -0.456
12.215 -0.501
12.283 -0.453
12.387 -0.549
12.502 -0.493
12.599 -0.546
12.706 -0.578
12.82 -0.548
12.93 -0.616
13.062 -0.689
13.184 -0.792
13.206 -0.764
13.381 -0.852
13.451 -0.894
13.542 -1.039
13.618 -1.065
13.762 -1.21
13.835 -1.235
13.941 -1.225
14.086 -1.334
14.096 -1.254
14.291 -1.226
14.347 -1.264
14.477 -1.084
14.565 -1.035
14.662 -0.933
14.761 -0.759
14.852 -0.64
14.948 -0.427
15.011 -0.336